1
18/9/2022 600
14 D3->C9 2.2 0 2.2
15 D1->C2 0.96 0 0.96
17 D3->C10 10.32 0 10.32
18 D1->C1 11.2 0 11.2
30 D3->C6 0.48 0 0.48
31 D1->C2 0.96 0 0.96
34 D1->C1 0.16 0 0.16
37 D1->C1 0.32 0 0.32
42 D3->C7 0.1 0 0.1
45 D3->C6 0.84 0 0.84
46 D1->C2 0.48 0 0.48
59 D3->C7 30 0 30
62 D3->C10 14.4 0 14.4
63 D1->C3 2 0 2
65 D3->C9 3.8 0 3.8
66 P1->D1->C2 85.12 0 85.12
70 D3->C7 1.3 0 1.3
71 D1->C1 0.32 0 0.32
96 D3->C9 0.2 0 0.2
100 D1->C1 0.32 0 0.32
102 D3->C6 0.6 0 0.6
104 D3->C10 0.96 0 0.96
105 D1->C1 0.8 0 0.8
108 D3->C7 5 0 5
111 D3->C9 9.8 0 9.8
112 D1->C2 2.16 0 2.16
114 D3->C9 3.6 0 3.6
115 D1->C1 11.68 0 11.68
118 D3->C10 5.04 0 5.04
119 P1->D1->C1 2.2 0 2.2
136 D3->C10 52.32 0 52.32
137 D1->C2 1.44 0 1.44
139 D3->C6 22.2 0 22.2
140 D1->C3 2 0 2
148 D1->C3 4 0 4
154 D1->C1 0.8 0 0.8
163 D1->C2 9.6 0 9.6
165 D3->C9 0.6 0 0.6
172 D1->C1 0.16 0 0.16
181 D3->C9 0.4 0 0.4
185 D1->C2 0.48 0 0.48
188 D3->C9 16.6 0 16.6
189 D1->C3 15.2 0 15.2
191 D3->C10 0.48 0 0.48
194 D3->C7 4.8 0 4.8
197 D3->C9 2.4 0 2.4
198 P1->D1->C1 0.2 0 0.2
200 D3->C6 2.16 0 2.16
203 D3->C10 9.6 0 9.6
204 P1->D1->C1 4.4 0 4.4
206 D3->C9 1 0 1
207 D1->C3 0.8 0 0.8
212 D3->C10 0.48 0 0.48
213 D1->C1 1.28 0 1.28
218 D1->C2 0.72 0 0.72
223 D3->C10 42.72 0 42.72
232 D3->C10 1.2 0 1.2
233 D1->C3 1.6 0 1.6
235 D3->C9 16.4 0 16.4
236 D1->C2 1.2 0 1.2
238 D3->C6 5.04 0 5.04
239 D1->C2 61.2 0 61.2
241 D3->C10 14.16 0 14.16
242 D1->C3 44 0 44
244 D3->C9 77.4 0 77.4
245 D1->C2 9.6 0 9.6
250 D1->C1 8.32 0 8.32
253 P2->D3->C10 15.96 0 15.96
256 D3->C9 72.6 0 72.6
257 D1->C2 1.2 0 1.2
259 D3->C6 9.24 0 9.24
260 D1->C1 0.8 0 0.8
262 D3->C10 12.48 0 12.48
263 D1->C2 0.48 0 0.48
265 D3->C9 18 0 18
268 D3->C6 0.48 0 0.48
272 P2->D3->C7 2.1 0 2.1
273 D1->C1 0.32 0 0.32
275 D3->C10 4.32 0 4.32
276 D1->C2 2.88 0 2.88
280 D1->C2 1.44 0 1.44
288 D3->C10 3.84 0 3.84
291 D3->C7 0.4 0 0.4
292 D1->C3 4 0 4
294 D3->C6 0.48 0 0.48
296 D3->C9 4 0 4
299 D3->C9 0.2 0 0.2
302 D3->C10 0.24 0 0.24
303 D1->C1 0.32 0 0.32
309 D1->C3 0.8 0 0.8
311 D3->C10 5.52 0 5.52
314 D3->C7 50.3 0 50.3
317 D3->C9 18.8 0 18.8
318 D1->C2 0.24 0 0.24
320 D3->C10 3.36 0 3.36
321 D1->C1 1.92 0 1.92
323 D3->C7 17.4 0 17.4
324 D1->C1 9.6 0 9.6
326 P1->D1->C2 1.68 0 1.68
327 D1->C1 0.48 0 0.48
329 D3->C7 0.2 0 0.2
332 D3->C9 2.6 0 2.6
335 D3->C10 16.8 0 16.8
341 D3->C10 1.2 0 1.2
342 D1->C1 0.48 0 0.48
344 D3->C9 2.8 0 2.8
347 D3->C7 87.8 0 87.8
348 D1->C2 26.4 0 26.4
350 D3->C6 1.2 0 1.2
353 P2->D3->C9 20.16 0 20.16
354 D1->C1 0.32 0 0.32
356 D3->C9 1.2 0 1.2
366 P1->D1->C2 0.56 0 0.56
368 D3->C9 42.8 0 42.8
369 D1->C2 0.72 0 0.72
374 D3->C9 2.6 0 2.6
375 D1->C2 4.8 0 4.8
377 D3->C7 1.2 0 1.2
380 D3->C10 2.4 0 2.4
383 D3->C9 0.8 0 0.8
386 D3->C9 3.6 0 3.6
387 D1->C3 0.4 0 0.4
389 D3->C6 0.24 0 0.24
392 D3->C10 2.88 0 2.88
393 D1->C2 0.24 0 0.24
395 D3->C7 0.8 0 0.8
396 D1->C1 0.8 0 0.8
398 D3->C9 1.4 0 1.4
399 D1->C1 0.48 0 0.48
401 D3->C7 0.5 0 0.5
405 D3->C10 2.4 0 2.4
408 D3->C9 1.4 0 1.4
409 D1->C2 0.24 0 0.24
420 P1->D1->C1 1 0 1
425 D3->C9 2 0 2
426 P1->D1->C1 76.6 0 76.6
429 D1->C2 0.72 0 0.72
431 D3->C7 5.6 0 5.6
432 D1->C3 4 0 4
437 D3->C10 15.84 0 15.84
438 D1->C2 0.96 0 0.96
440 D3->C9 30.6 0 30.6
441 D1->C2 233.52 0 233.52
443 D3->C9 10.2 0 10.2
444 D1->C3 1.2 0 1.2
446 D3->C7 3.2 0 3.2
447 D1->C1 22.88 0 22.88
449 D3->C6 1.92 0 1.92
450 D1->C2 0.72 0 0.72
455 D3->C10 3.6 0 3.6
456 P1->D1->C2 2.8 0 2.8
458 D3->C9 1 0 1
459 D2->C4 15.96 0 15.96
461 D3->C9 7.6 0 7.6
462 D1->C1 6.4 0 6.4
491 D3->C9 33.2 0 33.2
492 D1->C1 0.48 0 0.48
494 D3->C10 2.64 0 2.64
497 D3->C7 0.3 0 0.3
500 D3->C10 0.48 0 0.48
503 D3->C7 3.4 0 3.4
504 D1->C3 1.2 0 1.2
507 P1->D1->C1 1.2 0 1.2
509 D3->C9 1.2 0 1.2
510 D1->C2 0.48 0 0.48
512 D3->C6 1.44 0 1.44
513 D1->C1 0.32 0 0.32
515 D3->C10 24.72 0 24.72
516 D1->C1 0.32 0 0.32
521 D3->C9 1.2 0 1.2
522 D1->C3 0.8 0 0.8
524 D3->C7 7 0 7
525 D1->C1 0.64 0 0.64
527 D3->C6 1.08 0 1.08
528 D1->C2 0.72 0 0.72
530 D3->C9 17 0 17
531 D1->C2 5.76 0 5.76
534 D1->C1 0.32 0 0.32
536 D3->C7 10.8 0 10.8
537 D1->C3 1.2 0 1.2
539 D3->C9 0.8 0 0.8
540 D1->C1 0.16 0 0.16
542 D3->C7 0.1 0 0.1
543 D1->C2 15.36 0 15.36
545 D3->C6 9.6 0 9.6
546 D1->C2 1.2 0 1.2
548 D3->C7 25.2 0 25.2
549 D1->C3 4 0 4
551 D3->C9 6.4 0 6.4
552 P1->D1->C2 0.56 0 0.56
554 P2->D3->C9 0.48 0 0.48
555 D1->C1 6.08 0 6.08
558 D1->C3 0.4 0 0.4
562 D3->C10 1.2 0 1.2
563 D1->C2 0.24 0 0.24
566 D1->C3 2 0 2
576 D1->C1 0.8 0 0.8
590 D1->C3 4 0 4
595 D3->C9 40 0 40
599 P1->D1->C1 3 0 3

1830.38
